131864 
3783 
97355 
-1
132033 
46838 
-1
48935 
62050 
46925 
-1
-1
124440 
23722 
186247 
-1
19176 
63887 
86282 
77250 
81982 
-1
-1
46533 
37947 
72637 
119025 
-1
-1
-1
-1
32412 
36687 
15761 
182317 
96749 
-1
106148 
18957 
14560 
-1
-1
103046 
-1
38517 
-1
75966 
-1
27224 
-1
73757 
108219 
78291 
143197 
9871 
-1
66831 
14250 
61027 
16474 
123163 
135955 
76307 
-1
14659 
105848 
49721 
-1
25635 
172997 
134923 
130295 
86556 
-1
134680 
84340 
10824 
187504 
41988 
7301 
11815 
-1
29088 
97177 
49617 
-1
68116 
108087 
12995 
43536 
-1
-1
2773 
30612 
108878 
24064 
60339 
6439 
-1
62470 
106734 
58164 
12549 
-1
22190 
125093 
13433 
67472 
-1
9216 
19190 
8792 
72032 
133745 
88342 
-1
-1
18444 
-1
34426 
15886 
-1
-1
39472 
6577 
131296 
-1
-1
35370 
65492 
66023 
125300 
89378 
-1
25320 
28162 
-1
-1
103084 
64163 
-1
8606 
51713 
