5 	 13
6 	 14
7 	 15
8 	 16
9 	 17
10 	 18
11 	 19
12 	 20
13 	 21
14 	 22
15 	 23
16 	 24
17 	 25
18 	 26
19 	 27
20 	 28
21 	 29
22 	 30
23 	 31
24 	 32
25 	 33
26 	 34
27 	 35
28 	 36
29 	 37
30 	 38
31 	 39
32 	 40
33 	 41
34 	 42
35 	 43
36 	 44
37 	 45
38 	 46
39 	 47
40 	 47
41 	 48
42 	 49
43 	 49
44 	 51
45 	 51
46 	 52
47 	 52
48 	 53
49 	 54
50 	 54
51 	 55
52 	 56
53 	 56
54 	 57
55 	 58
56 	 59
57 	 59
58 	 60
59 	 60
60 	 60
61 	 61
62 	 61
63 	 62
64 	 62
65 	 63
66 	 64
67 	 64
68 	 64
69 	 66
70 	 66
71 	 66
72 	 67
73 	 68
74 	 68
75 	 69
76 	 69
77 	 70
78 	 70
79 	 71
80 	 71
81 	 72
82 	 73
83 	 73
84 	 74
85 	 74
86 	 74
87 	 75
88 	 76
89 	 77
90 	 77
91 	 78
92 	 78
93 	 78
94 	 79
95 	 80
96 	 80
97 	 81
98 	 81
99 	 82
100 	 83
101 	 84
102 	 84
103 	 84
104 	 85
105 	 85
106 	 86
107 	 87
108 	 87
109 	 88
110 	 88
111 	 89
112 	 90
113 	 90
114 	 91
115 	 91
116 	 92
117 	 92
118 	 93
119 	 93
120 	 94
121 	 94
122 	 96
123 	 95
124 	 96
125 	 96
126 	 97
127 	 98
128 	 99
129 	 99
130 	 99
131 	 101
132 	 101
133 	 101
134 	 102
135 	 102
136 	 103
137 	 103
138 	 104
139 	 105
140 	 105
141 	 105
142 	 106
143 	 106
144 	 108
145 	 108
146 	 109
147 	 110
148 	 110
149 	 110
150 	 111
151 	 111
152 	 112
153 	 113
154 	 113
155 	 113
156 	 114
157 	 115
158 	 115
159 	 116
160 	 116
161 	 118
162 	 118
163 	 118
164 	 119
165 	 120
166 	 120
167 	 120
168 	 121
169 	 121
170 	 123
171 	 123
172 	 123
173 	 124
174 	 125
175 	 125
176 	 125
177 	 126
178 	 126
179 	 127
180 	 127
181 	 128
182 	 129
183 	 129
184 	 130
185 	 130
186 	 132
187 	 132
188 	 132
189 	 133
190 	 133
191 	 134
192 	 134
193 	 135
194 	 135
195 	 136
196 	 137
197 	 137
198 	 137
199 	 138
200 	 140
201 	 139
202 	 140
203 	 141
204 	 140
205 	 142
206 	 143
207 	 142
208 	 143
209 	 145
210 	 144
211 	 145
212 	 146
213 	 146
214 	 147
215 	 148
216 	 148
217 	 149
218 	 149
219 	 149
220 	 150
221 	 151
222 	 152
223 	 152
224 	 153
225 	 153
226 	 153
227 	 154
228 	 155
229 	 155
230 	 155
231 	 156
232 	 157
233 	 157
234 	 158
235 	 159
236 	 159
237 	 160
238 	 160
239 	 160
240 	 162
241 	 162
242 	 162
243 	 163
244 	 163
245 	 164
246 	 165
247 	 165
248 	 167
249 	 167
250 	 167
251 	 168
252 	 168
253 	 169
254 	 169
255 	 171
256 	 170
257 	 171
258 	 172
259 	 172
260 	 173
261 	 173
262 	 174
263 	 174
264 	 175
265 	 175
266 	 176
267 	 177
268 	 177
269 	 178
270 	 178
271 	 179
272 	 179
273 	 180
274 	 181
275 	 181
276 	 182
277 	 182
278 	 183
279 	 184
280 	 183
281 	 185
282 	 185
283 	 186
284 	 186
285 	 186
286 	 188
287 	 187
288 	 189
289 	 189
290 	 189
291 	 190
292 	 191
293 	 191
294 	 192
295 	 192
296 	 192
297 	 193
298 	 194
299 	 195
300 	 195
301 	 196
302 	 197
303 	 196
304 	 197
305 	 198
306 	 199
307 	 199
308 	 200
309 	 200
310 	 201
311 	 201
312 	 202
313 	 203
314 	 203
315 	 204
316 	 204
317 	 205
318 	 205
319 	 206
320 	 207
321 	 207
322 	 208
323 	 208
324 	 209
325 	 209
326 	 209
327 	 211
328 	 211
329 	 211
330 	 212
331 	 213
332 	 214
333 	 214
334 	 215
335 	 215
336 	 215
337 	 217
338 	 217
339 	 218
340 	 218
341 	 219
342 	 218
343 	 219
344 	 220
345 	 221
346 	 221
347 	 222
348 	 223
349 	 222
350 	 223
351 	 223
352 	 224
353 	 225
354 	 226
355 	 227
356 	 227
357 	 228
358 	 228
359 	 229
360 	 229
361 	 230
362 	 231
363 	 231
364 	 231
365 	 232
366 	 233
367 	 232
368 	 234
369 	 234
370 	 235
371 	 236
372 	 235
373 	 236
374 	 237
375 	 238
376 	 239
377 	 239
378 	 239
379 	 240
380 	 240
381 	 241
382 	 241
383 	 241
384 	 243
385 	 244
386 	 244
387 	 244
388 	 245
389 	 245
390 	 247
391 	 247
392 	 247
393 	 248
394 	 249
395 	 249
396 	 249
397 	 250
398 	 250
399 	 251
400 	 252
401 	 252
402 	 253
403 	 253
404 	 255
405 	 254
406 	 256
407 	 255
408 	 256
409 	 256
410 	 257
411 	 258
412 	 258
413 	 259
414 	 261
415 	 260
416 	 261
417 	 261
418 	 262
419 	 262
420 	 263
421 	 263
422 	 265
423 	 264
424 	 265
425 	 266
426 	 267
427 	 267
428 	 268
429 	 268
430 	 268
431 	 269
432 	 270
433 	 271
434 	 271
435 	 271
436 	 272
437 	 272
438 	 272
439 	 275
440 	 274
441 	 275
442 	 275
443 	 276
444 	 277
445 	 276
446 	 277
447 	 278
448 	 278
449 	 280
450 	 280
451 	 281
452 	 281
453 	 282
454 	 282
455 	 283
456 	 283
457 	 284
458 	 284
459 	 286
460 	 285
461 	 286
462 	 287
463 	 287
464 	 288
465 	 290
466 	 289
467 	 290
468 	 290
469 	 291
470 	 291
471 	 291
472 	 292
473 	 293
474 	 294
475 	 294
476 	 295
477 	 296
478 	 296
479 	 296
480 	 297
481 	 298
482 	 299
483 	 298
484 	 299
485 	 299
486 	 300
487 	 301
488 	 301
489 	 302
490 	 303
491 	 304
492 	 303
493 	 304
494 	 304
495 	 305
496 	 305
497 	 307
498 	 307
499 	 308
500 	 309
501 	 308
502 	 309
503 	 310
504 	 310
505 	 311
506 	 311
507 	 312
508 	 314
509 	 313
510 	 314
511 	 315
512 	 315
513 	 315
514 	 317
515 	 317
516 	 317
517 	 318
518 	 318
519 	 319
520 	 320
521 	 320
522 	 321
523 	 321
524 	 322
525 	 323
526 	 323
527 	 323
528 	 324
529 	 326
530 	 326
531 	 326
532 	 326
533 	 327
534 	 327
535 	 328
536 	 328
537 	 330
538 	 330
539 	 330
540 	 331
541 	 332
542 	 332
543 	 333
544 	 333
545 	 335
546 	 335
547 	 334
548 	 335
549 	 336
550 	 337
551 	 337
552 	 337
553 	 338
554 	 340
555 	 339
556 	 340
557 	 341
558 	 341
559 	 343
560 	 343
561 	 343
562 	 343
563 	 344
564 	 344
565 	 345
566 	 345
567 	 347
568 	 347
569 	 347
570 	 348
571 	 348
572 	 350
573 	 350
574 	 350
575 	 351
576 	 352
577 	 352
578 	 353
579 	 353
580 	 355
581 	 354
582 	 354
583 	 355
584 	 355
585 	 357
586 	 357
587 	 358
588 	 359
589 	 359
590 	 359
591 	 361
592 	 361
593 	 361
594 	 362
595 	 362
596 	 363
597 	 363
598 	 364
599 	 366
600 	 365
601 	 366
602 	 366
603 	 368
604 	 368
605 	 368
606 	 368
607 	 369
608 	 370
609 	 370
610 	 372
611 	 373
612 	 372
613 	 373
614 	 373
615 	 375
616 	 374
617 	 375
618 	 376
619 	 376
620 	 377
621 	 377
622 	 379
623 	 378
624 	 379
625 	 379
626 	 381
627 	 381
628 	 381
629 	 382
630 	 383
631 	 383
632 	 383
633 	 384
634 	 385
635 	 385
636 	 386
637 	 387
638 	 387
639 	 387
640 	 389
641 	 389
642 	 390
643 	 390
644 	 390
645 	 391
646 	 392
647 	 392
648 	 393
649 	 393
650 	 395
651 	 394
652 	 397
653 	 396
654 	 396
655 	 397
656 	 398
657 	 398
658 	 400
659 	 399
660 	 401
661 	 400
662 	 401
663 	 401
664 	 402
665 	 402
666 	 403
667 	 404
668 	 404
669 	 405
670 	 406
671 	 407
672 	 407
673 	 408
674 	 407
675 	 409
676 	 409
677 	 410
678 	 410
679 	 411
680 	 412
681 	 411
682 	 413
683 	 413
684 	 413
685 	 414
686 	 415
687 	 415
688 	 416
689 	 418
690 	 418
691 	 417
692 	 419
693 	 419
694 	 419
695 	 420
696 	 421
697 	 421
698 	 422
699 	 422
700 	 422
701 	 423
702 	 423
703 	 423
704 	 425
705 	 427
706 	 426
707 	 427
708 	 428
709 	 428
710 	 429
711 	 430
712 	 430
713 	 431
714 	 432
715 	 431
716 	 433
717 	 433
718 	 433
719 	 434
720 	 435
721 	 434
722 	 436
723 	 436
724 	 437
725 	 437
726 	 438
727 	 438
728 	 439
729 	 440
730 	 440
731 	 441
732 	 441
733 	 442
734 	 443
735 	 442
736 	 445
737 	 444
738 	 445
739 	 445
740 	 446
741 	 447
742 	 448
743 	 448
744 	 448
745 	 450
746 	 449
747 	 451
748 	 450
749 	 451
750 	 451
751 	 453
752 	 453
753 	 453
754 	 454
755 	 455
756 	 455
757 	 455
758 	 456
759 	 457
760 	 458
761 	 457
762 	 458
763 	 458
764 	 460
765 	 462
766 	 462
767 	 462
768 	 462
769 	 462
770 	 463
771 	 464
772 	 464
773 	 464
774 	 465
775 	 466
776 	 467
777 	 468
778 	 467
779 	 468
780 	 468
781 	 469
782 	 469
783 	 471
784 	 471
785 	 472
786 	 472
787 	 473
788 	 475
789 	 475
790 	 474
791 	 476
792 	 476
793 	 476
794 	 476
795 	 477
796 	 479
797 	 479
798 	 479
799 	 481
800 	 481
801 	 482
802 	 482
803 	 482
804 	 484
805 	 483
806 	 483
807 	 484
808 	 485
809 	 485
810 	 486
811 	 487
812 	 487
813 	 489
814 	 489
815 	 489
816 	 489
817 	 490
818 	 490
819 	 492
820 	 493
821 	 493
822 	 493
823 	 493
824 	 493
825 	 495
826 	 497
827 	 497
828 	 497
829 	 498
830 	 498
831 	 498
832 	 500
833 	 499
834 	 500
835 	 500
836 	 501
837 	 503
838 	 502
839 	 502
840 	 504
841 	 504
842 	 504
843 	 506
844 	 506
845 	 507
846 	 507
847 	 507
848 	 508
849 	 509
850 	 509
851 	 509
852 	 511
853 	 511
854 	 512
855 	 513
856 	 512
857 	 513
858 	 514
859 	 515
860 	 515
861 	 516
862 	 517
863 	 517
864 	 517
865 	 519
866 	 520
867 	 519
868 	 521
869 	 520
870 	 522
871 	 521
872 	 522
873 	 522
874 	 524
875 	 523
876 	 524
877 	 525
878 	 525
879 	 525
880 	 527
881 	 527
882 	 530
883 	 529
884 	 529
885 	 530
886 	 530
887 	 530
888 	 531
889 	 531
890 	 534
891 	 533
892 	 533
893 	 534
894 	 534
895 	 537
896 	 536
897 	 537
898 	 537
899 	 538
900 	 538
901 	 540
902 	 540
903 	 540
904 	 541
905 	 541
906 	 542
907 	 542
908 	 544
909 	 544
910 	 545
911 	 546
912 	 548
913 	 545
914 	 546
915 	 547
916 	 549
917 	 548
918 	 550
919 	 550
920 	 550
921 	 551
922 	 551
923 	 552
924 	 552
925 	 553
926 	 553
927 	 554
928 	 555
929 	 555
930 	 555
931 	 556
932 	 557
933 	 557
934 	 559
935 	 559
936 	 559
937 	 560
938 	 560
939 	 560
940 	 562
941 	 562
942 	 563
943 	 564
944 	 563
945 	 565
946 	 566
947 	 566
948 	 565
949 	 566
950 	 567
951 	 568
952 	 568
953 	 569
954 	 570
955 	 571
956 	 570
957 	 572
958 	 572
959 	 574
960 	 573
961 	 574
962 	 575
963 	 575
964 	 577
965 	 577
966 	 577
967 	 577
968 	 578
969 	 580
970 	 579
971 	 579
972 	 581
973 	 581
974 	 581
975 	 582
976 	 582
977 	 583
978 	 585
979 	 585
980 	 585
981 	 586
982 	 587
983 	 586
984 	 587
985 	 588
986 	 588
987 	 588
988 	 589
989 	 590
990 	 591
991 	 591
992 	 592
993 	 593
994 	 593
995 	 593
996 	 594
997 	 595
998 	 595
999 	 596
